001: 3 17 15 8 9 6 5 14 16 7 11 13 18 19 1 4 2 10 20 12
002: 6 10 17 7 18 15 12 3 1 9 11 8 19 4 13 16 14 5 20 2
003: 3 4 16 14 13 19 18 20 12 11 10 5 1 7 17 9 6 8 15 2
004: 13 17 19 9 16 11 15 2 12 20 7 4 10 1 5 8 6 14 3 18
005: 5 12 3 13 19 9 4 6 17 16 2 10 11 15 14 7 18 1 20 8
006: 11 14 13 16 12 17 6 15 19 20 4 7 9 1 18 10 8 2 5 3
008: 17 2 16 9 19 12 18 3 8 14 5 7 13 10 1 20 4 15 6 11
009: 4 12 10 2 8 1 11 18 17 6 20 3 15 7 16 13 19 14 9 5
010: 11 7 6 10 16 8 12 19 18 13 14 1 2 5 20 3 15 17 4 9
011: 18 5 2 12 9 10 4 14 15 17 13 3 6 19 8 20 11 7 1 16
012: 19 15 12 13 17 9 2 16 1 5 11 20 7 4 10 8 14 3 6 18
013: 4 7 9 2 5 13 16 1 20 15 11 6 10 3 17 14 19 12 18 8
014: 3 11 6 20 10 12 16 18 13 7 1 9 2 15 8 14 19 4 5 17
015: 16 8 13 18 14 15 3 12 6 11 19 1 17 2 20 10 4 9 7 5
016: 8 19 6 18 16 9 3 17 20 11 14 13 7 12 4 5 10 15 2 1
017: 19 4 6 20 7 12 17 13 18 5 1 9 2 10 16 11 3 14 8 15
018: 7 19 4 18 2 9 20 15 8 16 14 1 10 17 3 5 13 6 11 12
019: 14 12 20 8 1 4 13 11 18 17 7 15 3 16 2 10 19 5 6 9
020: 5 12 19 13 8 6 17 7 10 18 4 3 16 15 20 14 2 9 1 11
021: 16 18 14 7 13 8 15 9 6 20 17 12 10 11 5 1 2 4 3 19
022: 18 11 6 12 4 15 1 16 19 13 8 14 3 10 20 5 9 7 17 2
023: 18 19 4 1 13 5 14 8 9 15 11 3 12 17 16 6 20 10 2 7
024: 3 14 8 4 16 18 12 6 11 20 2 15 13 1 7 5 19 10 17 9
025: 10 9 1 15 3 18 20 4 13 2 16 19 11 17 12 14 5 7 8 6
026: 6 13 18 1 2 15 8 16 10 5 9 17 11 20 3 7 12 4 14 19
027: 17 5 12 9 7 14 16 11 20 15 4 6 19 2 8 18 1 10 3 13
028: 4 20 5 16 10 7 2 17 11 18 14 19 13 12 3 15 6 8 1 9
029: 1 8 14 6 2 13 7 18 17 4 3 11 15 20 9 10 12 16 19 5
030: 3 7 12 6 13 18 1 2 15 10 17 11 5 4 19 8 20 9 16 14
031: 31 41 11 4 10 21 29 45 14 26 25 6 47 28 17 39 5 23 1 18 15 2 40 42 3 50 16 13 27 33 46 32 8 30 7 34 12 22 20 48 43 44 37 9 38 24 49 35 19 36
032: 50 10 49 15 42 18 47 37 5 2 46 33 24 27 22 8 35 45 20 6 30 48 32 7 16 21 39 25 44 9 34 40 3 43 26 29 1 41 38 19 13 14 17 31 12 28 11 23 36 4
033: 27 8 16 24 23 2 4 1 40 10 13 33 22 41 18 47 48 19 43 3 38 34 50 45 5 25 14 49 29 46 35 20 9 17 32 15 7 44 36 26 42 28 11 37 30 31 6 21 39 12
034: 42 30 49 2 22 50 24 14 3 41 11 7 35 15 32 40 19 38 5 46 8 13 18 20 4 31 47 28 12 9 26 48 1 10 17 33 27 29 25 16 45 36 23 39 37 21 43 34 6 44
035: 46 27 30 28 5 48 21 40 43 33 19 34 12 4 6 17 39 1 15 29 9 41 38 35 47 37 13 20 22 23 2 14 44 26 18 8 50 24 10 11 16 31 25 7 32 3 36 49 45 42
036: 47 28 1 4 41 33 9 39 44 21 23 36 24 20 13 6 8 29 38 15 2 37 40 35 5 34 18 49 10 22 19 7 50 3 16 43 26 11 32 17 46 45 30 25 48 14 27 42 12 31
037: 27 43 19 5 13 37 49 20 18 31 22 29 46 33 6 15 3 12 36 11 25 2 30 9 14 32 8 34 21 24 39 42 44 38 40 1 4 48 41 10 26 16 35 45 17 7 23 50 47 28
038: 34 47 7 8 25 31 1 14 33 36 43 10 18 37 29 45 21 19 26 39 44 16 6 48 22 50 9 24 17 30 20 46 35 13 3 5 28 12 11 15 42 27 23 32 41 49 2 4 38 40
039: 13 10 46 1 24 7 49 3 15 40 11 41 5 38 23 22 19 2 18 28 9 26 20 25 33 4 16 43 44 32 42 47 21 48 45 29 36 27 30 6 34 31 39 35 37 12 8 50 17 14
040: 6 2 11 34 35 12 27 14 18 1 24 29 15 30 48 16 41 47 36 43 45 49 20 19 10 42 31 28 9 21 7 46 17 8 5 39 23 44 38 40 37 33 4 3 13 25 22 50 26 32
061: 58 90 42 31 50 74 39 38 29 62 40 15 86 63 13 44 76 75 49 34 92 70 71 53 78 21 9 16 85 46 81 96 33 24 4 41 25 18 28 67 45 35 83 17 43 19 3 69 12 2 64 79 73 37 7 48 97 52 47 20 60 82 65 94 51 87 27 72 26 23 11 8 100 98 77 54 6 10 56 93 91 57 22 55 59 99 80 68 95 88 89 36 66 61 32 14 30 5 1 84
062: 88 16 86 7 29 66 40 23 3 39 78 82 74 92 58 41 87 20 26 11 80 63 12 6 90 57 75 36 97 32 100 18 43 98 89 59 71 37 35 21 67 61 84 4 54 96 28 50 51 2 30 95 27 1 94 33 85 64 49 93 14 38 42 48 24 55 81 72 91 34 13 56 46 44 22 62 76 45 15 8 65 60 79 69 19 73 9 10 5 25 68 47 70 17 31 52 77 83 99 53
063: 68 41 16 89 25 97 14 32 76 53 75 99 80 67 21 4 91 37 9 40 15 98 20 47 30 93 62 6 24 73 35 19 77 82 2 8 44 84 72 38 65 22 63 79 27 43 83 52 54 100 46 50 18 49 31 86 90 45 17 3 95 69 56 60 81 74 59 66 23 57 1 10 5 78 58 92 12 29 87 33 28 13 11 70 85 7 26 61 51 36 94 96 34 48 88 71 64 42 39 55
064: 20 67 79 92 71 6 86 59 45 40 28 29 49 97 19 95 36 24 50 60 54 18 4 43 90 2 25 12 88 39 10 94 57 3 98 53 41 75 69 13 55 51 72 23 81 73 44 83 30 68 100 99 64 52 48 61 33 66 77 87 47 15 1 9 32 8 34 5 80 74 63 17 22 89 85 35 76 91 42 70 84 7 82 27 46 62 78 11 16 26 58 56 38 31 14 65 96 37 21 93
065: 72 51 21 67 47 92 82 65 64 93 96 16 76 27 28 2 4 39 6 5 74 38 37 10 12 14 48 88 8 70 86 69 85 80 54 84 41 81 71 26 20 44 68 15 62 46 30 32 97 95 36 53 25 63 31 59 24 45 34 57 42 89 13 78 99 100 33 61 23 40 90 52 66 55 35 49 56 43 7 9 73 60 19 17 3 29 75 91 11 94 22 83 58 18 77 87 98 1 50 79
066: 83 54 20 73 49 7 93 50 13 95 19 44 6 64 68 100 9 55 28 21 30 47 16 74 56 40 45 53 59 8 3 24 98 22 72 65 10 18 52 89 23 42 58 85 15 80 88 94 60 82 48 66 96 75 1 43 86 99 91 11 70 34 31 14 46 41 87 33 61 39 51 17 5 37 92 97 63 25 90 71 81 84 38 67 69 35 62 78 32 27 76 2 12 79 29 36 77 4 57 26
067: 45 19 18 62 78 79 92 26 9 93 52 88 69 75 32 56 77 12 43 58 13 96 84 25 100 68 24 23 42 20 44 40 97 91 63 11 15 7 65 57 30 50 85 37 10 6 64 89 94 72 98 87 36 83 82 29 3 51 70 39 17 46 80 86 47 38 48 41 16 90 49 60 81 34 67 54 35 21 2 99 95 61 8 73 59 33 31 14 1 74 4 76 66 55 27 53 71 22 5 28
068: 56 53 21 83 42 12 49 27 100 84 77 80 54 22 96 62 23 43 9 91 13 71 32 44 7 59 68 34 28 41 81 8 94 79 47 87 11 67 85 55 93 73 39 97 37 61 10 31 74 88 2 52 38 63 19 99 48 6 50 18 92 65 51 20 14 3 26 24 86 29 5 36 82 72 58 60 75 70 1 69 89 45 17 16 4 78 46 57 33 76 30 25 64 90 66 35 95 15 98 40
069: 70 48 84 57 19 6 59 96 42 32 65 51 36 16 2 98 30 80 31 37 94 88 99 86 89 11 25 50 75 20 33 44 23 7 64 95 55 14 12 39 67 74 3 71 40 73 28 60 87 92 62 77 66 34 76 52 54 26 91 49 1 5 100 35 41 29 4 43 47 90 13 81 8 93 22 27 69 83 56 58 63 46 61 38 79 24 85 82 45 21 15 10 9 78 72 17 68 97 53 18
070: 24 55 31 20 19 66 56 77 22 16 99 17 18 86 88 48 43 83 93 64 89 15 79 63 45 80 1 73 59 91 78 71 96 39 53 82 30 100 50 87 49 34 28 51 90 12 81 69 72 42 6 40 10 37 9 76 4 23 29 92 95 13 61 94 27 5 97 52 8 14 41 38 84 68 11 70 57 58 3 21 67 32 74 36 85 26 25 7 44 33 54 75 65 60 98 35 47 62 46 2
071: 70 77 5 58 61 17 44 96 21 29 15 31 64 39 92 49 43 74 27 50 47 22 85 89 14 60 63 9 20 66 41 76 99 97 8 11 94 6 95 80 24 33 51 93 65 36 10 38 67 73 88 19 28 91 59 72 81 34 83 55 62 57 42 35 46 87 98 2 7 84 69 86 68 1 52 56 82 75 90 79 23 4 18 53 100 48 3 78 71 16 13 25 54 32 30 26 37 45 40 12
072: 69 46 87 66 95 98 49 8 61 86 19 55 10 75 4 5 65 76 54 83 71 82 22 14 35 91 12 52 74 28 80 89 60 26 1 64 2 67 53 77 59 96 34 9 97 72 93 23 90 81 31 29 6 73 85 68 11 40 25 42 70 50 3 45 48 18 15 32 27 78 20 79 57 94 88 100 84 37 30 56 16 58 62 17 33 41 92 47 39 51 63 13 43 38 7 21 36 99 44 24
073: 58 96 45 34 27 93 50 42 78 89 56 4 66 84 94 39 23 64 31 62 49 22 72 68 38 52 13 76 83 86 98 26 12 54 20 2 65 14 15 73 61 97 10 69 33 11 19 8 75 47 99 88 32 59 7 44 21 3 87 74 85 77 40 95 67 92 80 100 43 28 36 5 35 37 53 41 48 90 79 1 71 30 46 63 51 9 25 60 24 17 16 57 18 91 70 82 29 81 6 55
074: 5 81 2 56 78 53 24 48 49 14 76 31 91 47 90 71 52 92 43 75 80 96 59 42 28 77 32 40 74 30 20 100 38 13 99 21 66 35 6 25 61 45 36 41 17 19 12 3 22 33 55 37 27 89 4 9 93 29 15 16 57 62 11 83 23 86 54 18 98 34 70 7 88 1 10 87 67 94 65 58 73 60 8 46 50 63 82 39 51 69 97 84 44 72 26 68 64 79 85 95
075: 83 79 65 33 90 56 100 97 9 10 77 87 94 44 4 46 75 37 57 58 1 34 61 80 23 5 49 2 76 42 39 30 14 55 21 12 51 19 24 62 40 16 71 72 35 68 36 66 54 25 70 15 89 45 8 53 88 63 48 11 41 74 38 69 85 73 7 67 96 47 3 17 99 81 98 28 27 93 82 22 13 86 92 84 18 32 31 64 6 91 20 60 43 29 50 26 59 95 52 78
076: 78 47 24 64 15 53 43 6 54 20 46 50 80 9 39 14 85 21 2 68 35 25 42 12 76 11 30 93 83 51 70 97 71 38 60 34 98 89 32 74 29 52 5 63 62 86 88 22 66 100 94 77 99 41 8 19 55 31 75 67 7 49 48 91 37 23 81 57 27 17 73 72 36 95 3 4 58 87 69 96 1 84 18 82 61 90 92 16 59 13 56 79 45 10 33 26 40 65 44 28
080: 57 97 6 71 66 17 8 92 63 37 80 76 33 87 52 9 20 28 11 89 94 35 19 36 14 75 15 40 79 45 83 1 4 70 60 21 78 99 54 72 13 49 96 47 43 82 61 22 86 30 95 51 93 90 5 85 58 46 88 50 64 44 2 39 25 100 10 55 41 77 24 23 53 31 3 48 18 12 74 42 59 81 65 56 32 7 16 98 91 29 67 69 68 38 27 26 84 73 62 34
091: 73 1 90 191 168 148 197 30 140 6 156 87 80 129 23 195 146 104 189 4 17 11 42 12 41 40 25 44 13 5 131 9 45 56 21 2 38 32 48 24 18 86 7 83 19 54 119 62 112 43 22 14 34 81 35 69 66 97 153 16 71 72 58 53 106 51 114 79 26 36 50 37 78 95 74 63 28 96 107 108 128 46 116 121 70 47 110 117 115 122 185 171 100 143 193 55 92 52 138 27 84 109 76 150 103 132 113 49 88 118 82 67 89 10 172 85 8 57 120 64 179 59 182 166 68 139 151 154 177 141 126 164 102 136 20 192 196 181 155 194 130 101 144 145 60 105 158 125 198 157 134 175 173 162 190 199 186 3 174 147 180 135 170 31 111 137 178 142 163 200 169 187 160 75 77 61 159 99 123 152 184 176 165 91 98 124 93 39 149 167 33 127 94 183 161 29 65 15 188 133
092: 25 97 182 42 143 166 133 119 31 170 183 104 155 184 192 200 2 158 165 137 68 115 198 20 5 46 84 52 72 95 4 43 12 113 35 41 36 16 3 7 54 6 90 153 58 102 80 51 17 23 18 22 21 77 87 59 116 83 76 24 53 60 75 71 63 37 1 65 89 154 81 142 79 107 86 99 110 169 67 92 103 106 151 180 47 120 28 117 64 50 125 132 56 66 49 109 27 145 124 128 135 176 138 38 44 85 148 178 147 40 152 91 157 126 73 62 26 78 11 93 34 112 48 156 173 159 131 121 108 32 55 144 61 111 88 39 19 70 122 57 74 163 101 179 168 82 197 146 94 150 129 29 118 114 105 160 130 167 171 123 100 149 172 162 139 191 193 199 181 189 185 141 127 15 187 188 134 194 195 196 175 13 174 136 190 98 14 69 45 164 140 9 161 30 186 33 177 8 96 10
093: 97 95 92 83 2 88 125 8 140 13 133 115 62 199 141 49 191 181 166 68 162 157 131 151 197 184 182 193 6 188 132 124 171 165 12 164 196 168 146 104 25 139 136 123 167 4 158 163 154 101 156 145 130 152 120 113 72 144 129 106 122 143 127 137 118 138 46 114 102 94 93 85 90 67 23 100 79 59 110 77 41 86 99 117 82 111 76 73 74 70 112 75 87 55 65 109 80 48 38 105 35 11 107 64 63 30 61 42 28 21 7 17 56 53 47 45 27 16 40 71 22 31 5 194 121 54 186 161 147 81 3 155 116 33 190 195 172 200 160 178 175 26 198 177 149 36 108 179 185 37 173 142 103 34 20 89 29 150 119 50 96 169 9 134 91 128 66 126 153 69 192 14 10 148 135 187 183 189 170 24 98 60 180 43 174 44 1 19 78 58 159 176 51 57 32 18 39 15 84 52
094: 90 147 196 160 173 145 92 158 71 130 10 174 189 199 155 133 58 136 131 144 185 161 74 117 103 195 36 32 29 111 11 56 153 140 79 142 188 181 190 120 69 5 50 24 156 197 15 14 26 19 3 7 6 49 28 1 65 31 12 46 35 47 72 109 23 40 37 30 85 52 21 51 95 44 33 48 42 68 43 22 59 54 73 75 77 63 66 83 114 101 34 9 27 38 60 55 84 89 110 152 148 107 94 20 100 70 39 78 53 62 16 104 121 138 45 93 25 57 41 96 112 61 113 76 98 91 108 86 119 102 82 122 106 124 127 129 116 132 141 135 125 139 150 154 157 146 159 163 169 172 175 128 137 97 13 164 149 180 162 126 123 177 165 167 191 168 166 80 182 176 186 179 200 171 170 183 178 194 198 184 115 193 87 18 4 105 64 88 118 2 134 151 99 187 143 67 192 8 81 17
096: 21 145 37 143 67 9 20 58 182 131 54 150 190 198 158 192 160 79 172 118 78 176 100 73 174 85 151 146 153 156 132 13 95 175 94 102 164 125 169 25 137 92 112 188 191 155 152 107 130 170 187 128 52 29 55 162 185 186 179 184 157 166 159 82 171 149 177 80 168 148 141 70 165 142 71 114 97 93 116 99 194 139 140 163 119 98 136 122 91 111 84 76 74 144 60 120 117 129 39 63 69 113 96 123 23 34 110 154 121 101 72 75 87 124 86 49 66 83 57 64 65 33 28 46 56 44 12 105 88 59 77 48 16 43 38 26 35 45 3 14 17 27 42 22 2 7 15 1 32 24 10 5 31 8 41 19 4 30 108 11 106 133 50 61 62 109 6 161 90 127 47 81 200 189 36 197 193 53 199 104 196 103 181 51 68 180 173 135 183 115 134 126 40 138 167 18 195 89 178 147
097: 198 15 73 135 56 23 63 145 18 167 165 123 196 151 11 187 147 114 119 71 84 177 170 192 52 154 169 139 42 179 116 178 31 140 60 106 45 80 78 197 62 174 155 199 158 186 141 184 183 189 83 172 131 185 75 159 29 176 181 180 163 148 136 122 164 90 133 101 120 49 161 162 160 149 107 85 105 32 88 130 168 77 129 104 166 188 110 171 137 150 100 34 36 70 86 117 152 200 127 66 142 109 193 190 102 157 153 121 112 113 134 91 65 138 37 128 103 124 44 175 28 89 146 99 118 111 81 125 144 108 53 61 96 76 132 87 74 72 35 41 55 79 94 27 82 59 95 13 6 50 57 54 51 40 46 67 25 24 39 2 38 10 19 68 43 30 8 92 64 22 16 4 7 21 20 1 48 58 3 69 47 9 5 17 12 143 93 156 115 182 14 191 194 195 173 33 98 126 26 97
098: 65 58 28 43 19 87 154 179 50 27 194 186 2 38 144 152 132 143 184 170 167 125 150 190 180 166 131 114 10 7 21 81 32 17 48 39 15 63 42 5 45 13 79 59 61 96 30 11 3 26 16 69 36 77 53 71 20 41 78 22 52 64 29 86 14 40 55 51 99 123 113 44 49 68 37 47 9 76 62 85 102 89 104 88 101 92 117 157 95 127 116 130 140 115 138 133 142 31 136 46 66 110 111 83 98 94 24 120 57 134 56 106 4 35 70 80 33 100 18 128 126 60 146 97 91 121 6 54 112 73 118 147 135 151 160 158 148 161 164 162 171 198 172 165 196 200 193 145 108 173 149 188 107 159 109 124 25 163 72 178 119 169 139 182 187 155 137 199 122 174 12 191 183 141 90 195 175 177 129 189 74 34 93 176 185 197 103 168 181 8 192 67 84 156 23 82 75 105 1 153
100: 148 83 177 14 143 85 149 123 24 127 138 19 165 168 190 152 145 121 60 195 51 76 8 164 197 154 131 65 95 193 179 178 117 141 82 158 130 182 105 119 186 187 185 108 146 173 11 43 170 181 87 2 171 175 162 97 139 86 111 150 166 113 70 122 6 134 132 39 159 151 167 153 189 1 74 69 67 57 81 133 91 120 112 163 115 128 110 58 124 103 107 137 84 89 12 114 106 144 136 116 92 109 96 71 99 129 125 88 100 73 98 40 52 53 48 79 46 77 21 36 29 183 78 68 32 93 94 102 50 47 160 118 72 38 64 55 80 54 37 62 63 28 5 22 4 23 20 18 61 9 45 31 75 16 49 59 34 26 90 25 15 42 56 33 41 13 17 35 27 30 44 172 176 196 156 169 191 157 3 101 10 200 194 198 7 192 199 184 140 135 104 161 155 66 180 174 142 188 147 126
