001	1278
002	1359
003	1081
004	1293
005	1235
006	1195
008	1206
009	1230
010	1108
011	1582
012	1659
013	1496
014	1377
015	1419
016	1397
017	1484
018	1538
019	1593
020	1591
021	2297
022	2099
023	2326
024	2223
025	2291
026	2226
027	2273
028	2200
029	2237
030	2178
031	2724
032	2834
033	2621
034	2751
035	2863
036	2829
037	2725
038	2683
039	2552
040	2782
044	3063
046	3006
061	5493
062	5268
063	5175
064	5014
065	5250
066	5135
067	5246
068	5094
069	5448
070	5322
071	5770
072	5349
073	5676
074	5781
075	5467
076	5303
080	5845
091	10862
092	10480
093	10922
094	10889
095	10524
096	10329
097	10854
098	10730
099	10438
100	10675
